0,0.71,5.66,3.61,4.24,3.2
0.71,0,4.95,2.92,3.54,2.5
5.66,4.95,0,2.24,1.41,2.5
3.61,2.92,2.24,0,1,0.5
4.24,3.54,1.41,1,0,1.12
3.2,2.5,2.5,0.5,1.12,0